	A	B	C	D	E	F	F1	F2	FR	L	M	P	S	T	
0	1	
1	
2	
3	
4	
5	
6	8	7	
7	
8	13	14	11	
9	
10	
11	
12	
13	
14	
15	
16	
17	25	26	30	33	
18	
19	
20	
21	
22	
23	39	40	
24	42	40	
25	
26	
27	
28	
29	25	26	45	33	
30	
31	
32	
33	
34	50	
35	52	54	53	
36	
37	
38	
39	
40	
41	
42	
43	62	40	
44	63	40	
45	
46	
47	65	
48	66	68	67	
49	25	26	72	33	
50	
51	
52	
53	
54	
55	79	81	80	
56	
57	
58	
59	86	
60	
61	
62	
63	
64	
65	
66	
67	
68	
69	97	81	80	
70	
71	
72	
73	98	99	
74	101	103	102	
75	54	107	
76	54	108	
77	109	
78	110	
79	
80	
81	
82	116	81	80	
83	
84	
85	25	26	117	33	
86	
87	
88	
89	25	26	118	33	
90	
91	
92	121	99	
93	68	122	
94	68	123	
95	124	
96	125	
97	
98	
99	
100	
101	
102	
103	
104	134	81	80	
105	
106	
107	
108	
109	
110	
111	81	135	
112	81	136	
113	
114	137	
115	138	
116	
117	
118	
119	25	26	142	33	
120	25	26	143	33	
121	
122	
123	
124	
125	
126	
127	146	145	
128	148	
129	
130	103	151	
131	103	152	
132	153	
133	154	
134	
135	
136	
137	
138	
139	
140	
141	
142	
143	
144	146	159	
145	25	160	26	161	33	
146	
147	
148	
149	
150	
151	
152	
153	
154	
155	
156	
157	
158	
159	25	166	26	167	33	
160	
161	
162	
163	170	81	80	
164	25	26	171	33	
165	
166	
167	
168	
169	
170	
171	
172	25	26	175	33	
173	
174	
175	
176	
